[0.52842052,0.55815489,0.58996026,0.61337168,0.61845336,0.63043795
,0.63203238,0.63021902,0.63638454,0.63044917,0.6479856,,0.64424058
,0.63890291,0.64530582,0.65545233,0.67052593,0.65161321,0.65412081
,0.64448274,0.66480432,0.6464704,,0.66679992,0.50082018,0.6663914
,0.66593636,0.65945593,0.66198125,0.66939934,0.68123131,0.66944056
,0.62652382,0.64291783,0.67119908,0.68023441,0.67389858,0.67502624
,0.65208682,0.65641668,0.64288325,0.59988543,0.67154144,0.6706482
,0.67294495,0.67514288,0.67304975,0.67138173,0.67387043,0.67199606
,0.67837609,0.6737656,,0.66120144,0.66213465,0.61318838,0.64999054
,0.6729697,,0.67800397,0.66644738,0.66824847,0.66535586,0.63647833
,0.65127432,0.63347211,0.66301973,0.67071575,0.64828723,0.6348565
,0.66292494,0.6638581,,0.67033122,0.67038798,0.65862848,0.67009287
,0.63483696,0.66727621,0.66527246,0.6681535,,0.62639996,0.67266074
,0.65778589,0.66627205,0.67384694,0.66971802,0.66862199,0.6705718
,0.67721775,0.66245775,0.65815035,0.66945978,0.6362083,,0.68338219
,0.66101742,0.67762389,0.65988246,0.60335649,0.66570787,0.6724219
,0.65768433,0.67690112,0.66965424,0.68669704]
[,,1,,,2,,,5,,29,,71,135,188,213,240,260,289,272,286,300,328,331,318,327
,322,342,329,354,159,354,357,365,344,364,382,372,300,333,387,371,368,379
,348,350,332,271,369,377,371,382,371,374,376,371,378,373,359,355,304,353
,385,380,373,371,365,329,339,338,363,382,347,335,370,374,383,383,365,375
,334,371,368,376,325,384,365,373,379,386,372,375,387,360,358,378,332,389
,369,383,358,295,370,385,359,379,374,392]

